v -15.163799 0.0 -6.3246 -15.163799 -2.4384 -6.3246 -15.316199 -2.4384 -6.3246 -15.316199 0.0 -6.3246 -15.3162 -2.4384 6.9342 -15.3162 0.0 6.9342 -15.1638 -2.4384 6.9342 -15.1638 0.0 6.9342
t 0.375 1.0 0.625 1.0 0.625 0.75 0.375 0.75 0.625 0.5 0.375 0.5 0.625 0.25 0.375 0.25 0.625 0.0 0.375 0.0 0.125 0.5 0.125 0.25 0.875 0.5 0.875 0.25
f 0 0 1 1 2 2 0 0 2 2 3 3 3 3 2 2 4 4 3 3 4 4 5 5 5 5 4 4 6 6 5 5 6 6 7 7 7 7 6 6 1 8 7 7 1 8 0 9 3 10 5 5 7 7 3 10 7 7 0 11 4 4 2 12 1 13 4 4 1 13 6 6
=
v -2.9718 0.0 -3.1242 -2.9718 -2.4384 -3.1242 -2.9718 -2.4384 -2.9718 -2.9718 0.0 -2.9718 2.9718 -2.4384 -2.9718 2.9718 0.0 -2.9718 2.9718 -2.4384 -3.1242 2.9718 0.0 -3.1242
t 0.375 1.0 0.625 1.0 0.625 0.75 0.375 0.75 0.625 0.5 0.375 0.5 0.625 0.25 0.375 0.25 0.625 0.0 0.375 0.0 0.125 0.5 0.125 0.25 0.875 0.5 0.875 0.25
f 0 0 1 1 2 2 0 0 2 2 3 3 3 3 2 2 4 4 3 3 4 4 5 5 5 5 4 4 6 6 5 5 6 6 7 7 7 7 6 6 1 8 7 7 1 8 0 9 3 10 5 5 7 7 3 10 7 7 0 11 4 4 2 12 1 13 4 4 1 13 6 6
=
v -2.9718 0.0 2.9718 -2.9718 -2.4384 2.9718 -2.9718 -2.4384 3.1242 -2.9718 0.0 3.1242 2.9718 -2.4384 3.1242 2.9718 0.0 3.1242 2.9718 -2.4384 2.9718 2.9718 0.0 2.9718
t 0.375 1.0 0.625 1.0 0.625 0.75 0.375 0.75 0.625 0.5 0.375 0.5 0.625 0.25 0.375 0.25 0.625 0.0 0.375 0.0 0.125 0.5 0.125 0.25 0.875 0.5 0.875 0.25
f 0 0 1 1 2 2 0 0 2 2 3 3 3 3 2 2 4 4 3 3 4 4 5 5 5 5 4 4 6 6 5 5 6 6 7 7 7 7 6 6 1 8 7 7 1 8 0 9 3 10 5 5 7 7 3 10 7 7 0 11 4 4 2 12 1 13 4 4 1 13 6 6
=
v -2.9718 0.0 1.143 -2.9718 -2.4384 1.143 -3.1242 -2.4384 1.143 -3.1242 0.0 1.143 -3.1242 -2.4384 3.1242 -3.1242 0.0 3.1242 -2.9718 -2.4384 3.1242 -2.9718 0.0 3.1242
t 0.375 1.0 0.625 1.0 0.625 0.75 0.375 0.75 0.625 0.5 0.375 0.5 0.625 0.25 0.375 0.25 0.625 0.0 0.375 0.0 0.125 0.5 0.125 0.25 0.875 0.5 0.875 0.25
f 0 0 1 1 2 2 0 0 2 2 3 3 3 3 2 2 4 4 3 3 4 4 5 5 5 5 4 4 6 6 5 5 6 6 7 7 7 7 6 6 1 8 7 7 1 8 0 9 3 10 5 5 7 7 3 10 7 7 0 11 4 4 2 12 1 13 4 4 1 13 6 6
=
v 3.124201 0.0 -9.677401 3.124201 -2.4384 -9.677401 2.971801 -2.4384 -9.677401 2.971801 0.0 -9.677401 2.9718 -2.4384 8.763 2.9718 0.0 8.763 3.1242 -2.4384 8.763 3.1242 0.0 8.763
t 0.375 1.0 0.625 1.0 0.625 0.75 0.375 0.75 0.625 0.5 0.375 0.5 0.625 0.25 0.375 0.25 0.625 0.0 0.375 0.0 0.125 0.5 0.125 0.25 0.875 0.5 0.875 0.25
f 0 0 1 1 2 2 0 0 2 2 3 3 3 3 2 2 4 4 3 3 4 4 5 5 5 5 4 4 6 6 5 5 6 6 7 7 7 7 6 6 1 8 7 7 1 8 0 9 3 10 5 5 7 7 3 10 7 7 0 11 4 4 2 12 1 13 4 4 1 13 6 6
=
v -2.9718 0.0 -3.1242 -2.9718 -2.4384 -3.1242 -3.1242 -2.4384 -3.1242 -3.1242 0.0 -3.1242 -3.1242 -2.4384 -0.5334 -3.1242 0.0 -0.5334 -2.9718 -2.4384 -0.5334 -2.9718 0.0 -0.5334
t 0.375 1.0 0.625 1.0 0.625 0.75 0.375 0.75 0.625 0.5 0.375 0.5 0.625 0.25 0.375 0.25 0.625 0.0 0.375 0.0 0.125 0.5 0.125 0.25 0.875 0.5 0.875 0.25
f 0 0 1 1 2 2 0 0 2 2 3 3 3 3 2 2 4 4 3 3 4 4 5 5 5 5 4 4 6 6 5 5 6 6 7 7 7 7 6 6 1 8 7 7 1 8 0 9 3 10 5 5 7 7 3 10 7 7 0 11 4 4 2 12 1 13 4 4 1 13 6 6
=
v -6.6294 0.0 -0.5334 -6.6294 -2.4384 -0.5334 -6.6294 -2.4384 -0.381 -6.6294 0.0 -0.381 -2.9718 -2.4384 -0.381 -2.9718 0.0 -0.381 -2.9718 -2.4384 -0.5334 -2.9718 0.0 -0.5334
t 0.375 1.0 0.625 1.0 0.625 0.75 0.375 0.75 0.625 0.5 0.375 0.5 0.625 0.25 0.375 0.25 0.625 0.0 0.375 0.0 0.125 0.5 0.125 0.25 0.875 0.5 0.875 0.25
f 0 0 1 1 2 2 0 0 2 2 3 3 3 3 2 2 4 4 3 3 4 4 5 5 5 5 4 4 6 6 5 5 6 6 7 7 7 7 6 6 1 8 7 7 1 8 0 9 3 10 5 5 7 7 3 10 7 7 0 11 4 4 2 12 1 13 4 4 1 13 6 6
=
v -13.7922 0.0 -2.0574 -13.7922 -2.4384 -2.0574 -13.7922 -2.4384 -1.905 -13.7922 0.0 -1.905 -3.1242 -2.4384 -1.905 -3.1242 0.0 -1.905 -3.1242 -2.4384 -2.0574 -3.1242 0.0 -2.0574
t 0.375 1.0 0.625 1.0 0.625 0.75 0.375 0.75 0.625 0.5 0.375 0.5 0.625 0.25 0.375 0.25 0.625 0.0 0.375 0.0 0.125 0.5 0.125 0.25 0.875 0.5 0.875 0.25
f 0 0 1 1 2 2 0 0 2 2 3 3 3 3 2 2 4 4 3 3 4 4 5 5 5 5 4 4 6 6 5 5 6 6 7 7 7 7 6 6 1 8 7 7 1 8 0 9 3 10 5 5 7 7 3 10 7 7 0 11 4 4 2 12 1 13 4 4 1 13 6 6
=
v -8.4582 0.0 -1.905 -8.4582 -2.4384 -1.905 -8.6106 -2.4384 -1.905 -8.6106 0.0 -1.905 -8.6106 -2.4384 0.8382 -8.6106 0.0 0.8382 -8.4582 -2.4384 0.8382 -8.4582 0.0 0.8382
t 0.375 1.0 0.625 1.0 0.625 0.75 0.375 0.75 0.625 0.5 0.375 0.5 0.625 0.25 0.375 0.25 0.625 0.0 0.375 0.0 0.125 0.5 0.125 0.25 0.875 0.5 0.875 0.25
f 0 0 1 1 2 2 0 0 2 2 3 3 3 3 2 2 4 4 3 3 4 4 5 5 5 5 4 4 6 6 5 5 6 6 7 7 7 7 6 6 1 8 7 7 1 8 0 9 3 10 5 5 7 7 3 10 7 7 0 11 4 4 2 12 1 13 4 4 1 13 6 6
=
v -8.4582 0.0 2.3622 -8.4582 -2.4384 2.3622 -8.6106 -2.4384 2.3622 -8.6106 0.0 2.3622 -8.6106 -2.4384 4.953 -8.6106 0.0 4.953 -8.4582 -2.4384 4.953 -8.4582 0.0 4.953
t 0.375 1.0 0.625 1.0 0.625 0.75 0.375 0.75 0.625 0.5 0.375 0.5 0.625 0.25 0.375 0.25 0.625 0.0 0.375 0.0 0.125 0.5 0.125 0.25 0.875 0.5 0.875 0.25
f 0 0 1 1 2 2 0 0 2 2 3 3 3 3 2 2 4 4 3 3 4 4 5 5 5 5 4 4 6 6 5 5 6 6 7 7 7 7 6 6 1 8 7 7 1 8 0 9 3 10 5 5 7 7 3 10 7 7 0 11 4 4 2 12 1 13 4 4 1 13 6 6
=
v -12.2682 0.0 -0.5334 -12.2682 -2.4384 -0.5334 -12.2682 -2.4384 -0.381 -12.2682 0.0 -0.381 -8.6106 -2.4384 -0.381 -8.6106 0.0 -0.381 -8.6106 -2.4384 -0.5334 -8.6106 0.0 -0.5334
t 0.375 1.0 0.625 1.0 0.625 0.75 0.375 0.75 0.625 0.5 0.375 0.5 0.625 0.25 0.375 0.25 0.625 0.0 0.375 0.0 0.125 0.5 0.125 0.25 0.875 0.5 0.875 0.25
f 0 0 1 1 2 2 0 0 2 2 3 3 3 3 2 2 4 4 3 3 4 4 5 5 5 5 4 4 6 6 5 5 6 6 7 7 7 7 6 6 1 8 7 7 1 8 0 9 3 10 5 5 7 7 3 10 7 7 0 11 4 4 2 12 1 13 4 4 1 13 6 6
=
v -12.1158 0.0 3.7338 -12.1158 -2.4384 3.7338 -12.1158 -2.4384 3.8862 -12.1158 0.0 3.8862 -8.6106 -2.4384 3.8862 -8.6106 0.0 3.8862 -8.6106 -2.4384 3.7338 -8.6106 0.0 3.7338
t 0.375 1.0 0.625 1.0 0.625 0.75 0.375 0.75 0.625 0.5 0.375 0.5 0.625 0.25 0.375 0.25 0.625 0.0 0.375 0.0 0.125 0.5 0.125 0.25 0.875 0.5 0.875 0.25
f 0 0 1 1 2 2 0 0 2 2 3 3 3 3 2 2 4 4 3 3 4 4 5 5 5 5 4 4 6 6 5 5 6 6 7 7 7 7 6 6 1 8 7 7 1 8 0 9 3 10 5 5 7 7 3 10 7 7 0 11 4 4 2 12 1 13 4 4 1 13 6 6
=
v -12.115799 0.0 1.143 -12.115799 -2.4384 1.143 -12.268199 -2.4384 1.143 -12.268199 0.0 1.143 -12.2682 -2.4384 3.8862 -12.2682 0.0 3.8862 -12.1158 -2.4384 3.8862 -12.1158 0.0 3.8862
t 0.375 1.0 0.625 1.0 0.625 0.75 0.375 0.75 0.625 0.5 0.375 0.5 0.625 0.25 0.375 0.25 0.625 0.0 0.375 0.0 0.125 0.5 0.125 0.25 0.875 0.5 0.875 0.25
f 0 0 1 1 2 2 0 0 2 2 3 3 3 3 2 2 4 4 3 3 4 4 5 5 5 5 4 4 6 6 5 5 6 6 7 7 7 7 6 6 1 8 7 7 1 8 0 9 3 10 5 5 7 7 3 10 7 7 0 11 4 4 2 12 1 13 4 4 1 13 6 6
=
v -8.4582 0.0 2.3622 -8.4582 -2.4384 2.3622 -8.4582 -2.4384 2.5146 -8.4582 0.0 2.5146 -4.8006 -2.4384 2.5146 -4.8006 0.0 2.5146 -4.8006 -2.4384 2.3622 -4.8006 0.0 2.3622
t 0.375 1.0 0.625 1.0 0.625 0.75 0.375 0.75 0.625 0.5 0.375 0.5 0.625 0.25 0.375 0.25 0.625 0.0 0.375 0.0 0.125 0.5 0.125 0.25 0.875 0.5 0.875 0.25
f 0 0 1 1 2 2 0 0 2 2 3 3 3 3 2 2 4 4 3 3 4 4 5 5 5 5 4 4 6 6 5 5 6 6 7 7 7 7 6 6 1 8 7 7 1 8 0 9 3 10 5 5 7 7 3 10 7 7 0 11 4 4 2 12 1 13 4 4 1 13 6 6
=
v -15.1638 0.0 4.953 -15.1638 -2.4384 4.953 -15.1638 -2.4384 5.1054 -15.1638 0.0 5.1054 -3.1242 -2.4384 5.1054 -3.1242 0.0 5.1054 -3.1242 -2.4384 4.953 -3.1242 0.0 4.953
t 0.375 1.0 0.625 1.0 0.625 0.75 0.375 0.75 0.625 0.5 0.375 0.5 0.625 0.25 0.375 0.25 0.625 0.0 0.375 0.0 0.125 0.5 0.125 0.25 0.875 0.5 0.875 0.25
f 0 0 1 1 2 2 0 0 2 2 3 3 3 3 2 2 4 4 3 3 4 4 5 5 5 5 4 4 6 6 5 5 6 6 7 7 7 7 6 6 1 8 7 7 1 8 0 9 3 10 5 5 7 7 3 10 7 7 0 11 4 4 2 12 1 13 4 4 1 13 6 6
=
v -1.2954 0.0 4.953 -1.2954 -2.4384 4.953 -1.2954 -2.4384 5.1054 -1.2954 0.0 5.1054 2.9718 -2.4384 5.1054 2.9718 0.0 5.1054 2.9718 -2.4384 4.953 2.9718 0.0 4.953
t 0.375 1.0 0.625 1.0 0.625 0.75 0.375 0.75 0.625 0.5 0.375 0.5 0.625 0.25 0.375 0.25 0.625 0.0 0.375 0.0 0.125 0.5 0.125 0.25 0.875 0.5 0.875 0.25
f 0 0 1 1 2 2 0 0 2 2 3 3 3 3 2 2 4 4 3 3 4 4 5 5 5 5 4 4 6 6 5 5 6 6 7 7 7 7 6 6 1 8 7 7 1 8 0 9 3 10 5 5 7 7 3 10 7 7 0 11 4 4 2 12 1 13 4 4 1 13 6 6
=
v -15.163799 0.0 6.7818 -15.163799 -2.4384 6.7818 -15.163799 -2.4384 6.9342 -15.163799 0.0 6.9342 0.0762 -2.4384 6.9342 0.0762 0.0 6.9342 0.0762 -2.4384 6.7818 0.0762 0.0 6.7818
t 0.375 1.0 0.625 1.0 0.625 0.75 0.375 0.75 0.625 0.5 0.375 0.5 0.625 0.25 0.375 0.25 0.625 0.0 0.375 0.0 0.125 0.5 0.125 0.25 0.875 0.5 0.875 0.25
f 0 0 1 1 2 2 0 0 2 2 3 3 3 3 2 2 4 4 3 3 4 4 5 5 5 5 4 4 6 6 5 5 6 6 7 7 7 7 6 6 1 8 7 7 1 8 0 9 3 10 5 5 7 7 3 10 7 7 0 11 4 4 2 12 1 13 4 4 1 13 6 6
=
v -15.31815 0.0 8.6106 -15.31815 -2.4384 8.6106 -15.31815 -2.4384 8.763 -15.31815 0.0 8.763 2.973749 -2.4384 8.763 2.973749 0.0 8.763 2.973749 -2.4384 8.6106 2.973749 0.0 8.6106
t 0.375 1.0 0.625 1.0 0.625 0.75 0.375 0.75 0.625 0.5 0.375 0.5 0.625 0.25 0.375 0.25 0.625 0.0 0.375 0.0 0.125 0.5 0.125 0.25 0.875 0.5 0.875 0.25
f 0 0 1 1 2 2 0 0 2 2 3 3 3 3 2 2 4 4 3 3 4 4 5 5 5 5 4 4 6 6 5 5 6 6 7 7 7 7 6 6 1 8 7 7 1 8 0 9 3 10 5 5 7 7 3 10 7 7 0 11 4 4 2 12 1 13 4 4 1 13 6 6
=
v -21.6408 0.0 -16.1544 -21.6408 0.0 14.3256 8.8392 0.0 14.3256 8.8392 0.0 -16.1544 -21.6408 0.3048 -16.1544 8.8392 0.3048 -16.1544 8.8392 0.3048 14.3256 -21.6408 0.3048 14.3256
t 0.0 1.0 0.0 0.0 1.0 0.0 1.0 1.0
f 0 0 1 1 2 2 0 0 2 2 3 3 4 0 5 3 6 2 4 0 6 2 7 1 2 2 1 1 7 1 2 2 7 1 6 2 0 0 3 3 5 3 0 0 5 3 4 0 3 3 2 2 6 2 3 3 6 2 5 3 1 1 0 0 4 0 1 1 4 0 7 1
=
v -13.639799 0.0 -4.8006 -13.639799 -2.4384 -4.8006 -13.792199 -2.4384 -4.8006 -13.792199 0.0 -4.8006 -13.7922 -2.4384 -2.0574 -13.7922 0.0 -2.0574 -13.6398 -2.4384 -2.0574 -13.6398 0.0 -2.0574
t 0.375 1.0 0.625 1.0 0.625 0.75 0.375 0.75 0.625 0.5 0.375 0.5 0.625 0.25 0.375 0.25 0.625 0.0 0.375 0.0 0.125 0.5 0.125 0.25 0.875 0.5 0.875 0.25
f 0 0 1 1 2 2 0 0 2 2 3 3 3 3 2 2 4 4 3 3 4 4 5 5 5 5 4 4 6 6 5 5 6 6 7 7 7 7 6 6 1 8 7 7 1 8 0 9 3 10 5 5 7 7 3 10 7 7 0 11 4 4 2 12 1 13 4 4 1 13 6 6
=
v -15.163799 0.0 -6.3246 -15.163799 -2.4384 -6.3246 -15.163799 -2.4384 -6.1722 -15.163799 0.0 -6.1722 -7.5438 -2.4384 -6.1722 -7.5438 0.0 -6.1722 -7.5438 -2.4384 -6.3246 -7.5438 0.0 -6.3246
t 0.375 1.0 0.625 1.0 0.625 0.75 0.375 0.75 0.625 0.5 0.375 0.5 0.625 0.25 0.375 0.25 0.625 0.0 0.375 0.0 0.125 0.5 0.125 0.25 0.875 0.5 0.875 0.25
f 0 0 1 1 2 2 0 0 2 2 3 3 3 3 2 2 4 4 3 3 4 4 5 5 5 5 4 4 6 6 5 5 6 6 7 7 7 7 6 6 1 8 7 7 1 8 0 9 3 10 5 5 7 7 3 10 7 7 0 11 4 4 2 12 1 13 4 4 1 13 6 6
=
v -7.3914 0.0 -6.3246 -7.3914 -2.4384 -6.3246 -7.5438 -2.4384 -6.3246 -7.5438 0.0 -6.3246 -7.5438 -2.4384 -3.5814 -7.5438 0.0 -3.5814 -7.3914 -2.4384 -3.5814 -7.3914 0.0 -3.5814
t 0.375 1.0 0.625 1.0 0.625 0.75 0.375 0.75 0.625 0.5 0.375 0.5 0.625 0.25 0.375 0.25 0.625 0.0 0.375 0.0 0.125 0.5 0.125 0.25 0.875 0.5 0.875 0.25
f 0 0 1 1 2 2 0 0 2 2 3 3 3 3 2 2 4 4 3 3 4 4 5 5 5 5 4 4 6 6 5 5 6 6 7 7 7 7 6 6 1 8 7 7 1 8 0 9 3 10 5 5 7 7 3 10 7 7 0 11 4 4 2 12 1 13 4 4 1 13 6 6
=
v -5.2578 0.0 -7.6962 -5.2578 -2.4384 -7.6962 -5.4102 -2.4384 -7.6962 -5.4102 0.0 -7.6962 -5.4102 -2.4384 -2.0574 -5.4102 0.0 -2.0574 -5.2578 -2.4384 -2.0574 -5.2578 0.0 -2.0574
t 0.375 1.0 0.625 1.0 0.625 0.75 0.375 0.75 0.625 0.5 0.375 0.5 0.625 0.25 0.375 0.25 0.625 0.0 0.375 0.0 0.125 0.5 0.125 0.25 0.875 0.5 0.875 0.25
f 0 0 1 1 2 2 0 0 2 2 3 3 3 3 2 2 4 4 3 3 4 4 5 5 5 5 4 4 6 6 5 5 6 6 7 7 7 7 6 6 1 8 7 7 1 8 0 9 3 10 5 5 7 7 3 10 7 7 0 11 4 4 2 12 1 13 4 4 1 13 6 6
=
v -15.179041 0.0 -9.6774 -15.179041 -2.4384 -9.6774 -15.179041 -2.4384 -9.525001 -15.179041 0.0 -9.525001 2.98704 -2.4384 -9.525001 2.98704 0.0 -9.525001 2.98704 -2.4384 -9.6774 2.98704 0.0 -9.6774
t 0.375 1.0 0.625 1.0 0.625 0.75 0.375 0.75 0.625 0.5 0.375 0.5 0.625 0.25 0.375 0.25 0.625 0.0 0.375 0.0 0.125 0.5 0.125 0.25 0.875 0.5 0.875 0.25
f 0 0 1 1 2 2 0 0 2 2 3 3 3 3 2 2 4 4 3 3 4 4 5 5 5 5 4 4 6 6 5 5 6 6 7 7 7 7 6 6 1 8 7 7 1 8 0 9 3 10 5 5 7 7 3 10 7 7 0 11 4 4 2 12 1 13 4 4 1 13 6 6
=
v -3.048 0.0 -9.525001 -3.048 -2.4384 -9.525001 -3.2004 -2.4384 -9.525001 -3.2004 0.0 -9.525001 -3.2004 -2.4384 -4.953 -3.2004 0.0 -4.953 -3.048 -2.4384 -4.953 -3.048 0.0 -4.953
t 0.375 1.0 0.625 1.0 0.625 0.75 0.375 0.75 0.625 0.5 0.375 0.5 0.625 0.25 0.375 0.25 0.625 0.0 0.375 0.0 0.125 0.5 0.125 0.25 0.875 0.5 0.875 0.25
f 0 0 1 1 2 2 0 0 2 2 3 3 3 3 2 2 4 4 3 3 4 4 5 5 5 5 4 4 6 6 5 5 6 6 7 7 7 7 6 6 1 8 7 7 1 8 0 9 3 10 5 5 7 7 3 10 7 7 0 11 4 4 2 12 1 13 4 4 1 13 6 6
=
v -15.1638 0.0 -9.677401 -15.1638 -2.4384 -9.677401 -15.3162 -2.4384 -9.677401 -15.3162 0.0 -9.677401 -15.316201 -2.4384 -8.1534 -15.316201 0.0 -8.1534 -15.163801 -2.4384 -8.1534 -15.163801 0.0 -8.1534
t 0.375 1.0 0.625 1.0 0.625 0.75 0.375 0.75 0.625 0.5 0.375 0.5 0.625 0.25 0.375 0.25 0.625 0.0 0.375 0.0 0.125 0.5 0.125 0.25 0.875 0.5 0.875 0.25
f 0 0 1 1 2 2 0 0 2 2 3 3 3 3 2 2 4 4 3 3 4 4 5 5 5 5 4 4 6 6 5 5 6 6 7 7 7 7 6 6 1 8 7 7 1 8 0 9 3 10 5 5 7 7 3 10 7 7 0 11 4 4 2 12 1 13 4 4 1 13 6 6
=
v -21.6408 -2.7432 -16.1544 -21.6408 -2.7432 14.3256 8.8392 -2.7432 14.3256 8.8392 -2.7432 -16.1544 -21.6408 -2.4384 -16.1544 8.8392 -2.4384 -16.1544 8.8392 -2.4384 14.3256 -21.6408 -2.4384 14.3256
t 0.0 1.0 0.0 0.0 1.0 0.0 1.0 1.0
f 0 0 1 1 2 2 0 0 2 2 3 3 4 0 5 3 6 2 4 0 6 2 7 1 2 2 1 1 7 1 2 2 7 1 6 2 0 0 3 3 5 3 0 0 5 3 4 0 3 3 2 2 6 2 3 3 6 2 5 3 1 1 0 0 4 0 1 1 4 0 7 1
=
